 NODE_NUM,TIME,DATE,NODE_AREA,ThetaNew,X,Y,NO3_CONC, N2O_CONC,C_CONC
   1 ,          0.00 ,01/01/2024 ,      0.19 ,      0.09 ,      0.00 ,     81.00 ,  0.3589882E+03 ,  0.0000000E+00 ,  0.0000000E+00
   2 ,          0.00 ,01/01/2024 ,      0.45 ,      0.09 ,      0.75 ,     81.00 ,  0.3589882E+03 ,  0.0000000E+00 ,  0.0000000E+00
   3 ,          0.00 ,01/01/2024 ,      0.63 ,      0.09 ,      1.80 ,     81.00 ,  0.3589882E+03 ,  0.0000000E+00 ,  0.0000000E+00
   4 ,          0.00 ,01/01/2024 ,      0.80 ,      0.09 ,      3.27 ,     81.00 ,  0.3589882E+03 ,  0.0000000E+00 ,  0.0000000E+00
   5 ,          0.00 ,01/01/2024 ,      0.43 ,      0.09 ,      5.00 ,     81.00 ,  0.3589882E+03 ,  0.0000000E+00 ,  0.0000000E+00
   6 ,          0.00 ,01/01/2024 ,      0.38 ,      0.09 ,      0.00 ,     80.00 ,  0.3589882E+03 ,  0.0000000E+00 ,  0.0000000E+00
   7 ,          0.00 ,01/01/2024 ,      0.90 ,      0.09 ,      0.75 ,     80.00 ,  0.3589882E+03 ,  0.0000000E+00 ,  0.0000000E+00
   8 ,          0.00 ,01/01/2024 ,      1.26 ,      0.09 ,      1.80 ,     80.00 ,  0.3589882E+03 ,  0.0000000E+00 ,  0.0000000E+00
   9 ,          0.00 ,01/01/2024 ,      1.60 ,      0.09 ,      3.27 ,     80.00 ,  0.3589882E+03 ,  0.0000000E+00 ,  0.0000000E+00
  10 ,          0.00 ,01/01/2024 ,      0.87 ,      0.09 ,      5.00 ,     80.00 ,  0.3589882E+03 ,  0.0000000E+00 ,  0.0000000E+00
  11 ,          0.00 ,01/01/2024 ,      0.38 ,      0.09 ,      0.00 ,     79.00 ,  0.3589882E+03 ,  0.0000000E+00 ,  0.0000000E+00
  12 ,          0.00 ,01/01/2024 ,      0.90 ,      0.09 ,      0.75 ,     79.00 ,  0.3589882E+03 ,  0.0000000E+00 ,  0.0000000E+00
  13 ,          0.00 ,01/01/2024 ,      1.26 ,      0.09 ,      1.80 ,     79.00 ,  0.3589882E+03 ,  0.0000000E+00 ,  0.0000000E+00
  14 ,          0.00 ,01/01/2024 ,      1.60 ,      0.09 ,      3.27 ,     79.00 ,  0.3589882E+03 ,  0.0000000E+00 ,  0.0000000E+00
  15 ,          0.00 ,01/01/2024 ,      0.87 ,      0.09 ,      5.00 ,     79.00 ,  0.3589882E+03 ,  0.0000000E+00 ,  0.0000000E+00
  16 ,          0.00 ,01/01/2024 ,      0.38 ,      0.09 ,      0.00 ,     78.00 ,  0.3589882E+03 ,  0.0000000E+00 ,  0.0000000E+00
  17 ,          0.00 ,01/01/2024 ,      0.90 ,      0.09 ,      0.75 ,     78.00 ,  0.3589882E+03 ,  0.0000000E+00 ,  0.0000000E+00
  18 ,          0.00 ,01/01/2024 ,      1.26 ,      0.09 ,      1.80 ,     78.00 ,  0.3589882E+03 ,  0.0000000E+00 ,  0.0000000E+00
  19 ,          0.00 ,01/01/2024 ,      1.60 ,      0.09 ,      3.27 ,     78.00 ,  0.3589882E+03 ,  0.0000000E+00 ,  0.0000000E+00
  20 ,          0.00 ,01/01/2024 ,      0.87 ,      0.09 ,      5.00 ,     78.00 ,  0.3589882E+03 ,  0.0000000E+00 ,  0.0000000E+00
  21 ,          0.00 ,01/01/2024 ,      0.47 ,      0.09 ,      0.00 ,     77.00 ,  0.3589882E+03 ,  0.0000000E+00 ,  0.0000000E+00
  22 ,          0.00 ,01/01/2024 ,      1.12 ,      0.09 ,      0.75 ,     77.00 ,  0.3589882E+03 ,  0.0000000E+00 ,  0.0000000E+00
  23 ,          0.00 ,01/01/2024 ,      1.57 ,      0.09 ,      1.80 ,     77.00 ,  0.3589882E+03 ,  0.0000000E+00 ,  0.0000000E+00
  24 ,          0.00 ,01/01/2024 ,      2.00 ,      0.09 ,      3.27 ,     77.00 ,  0.3589882E+03 ,  0.0000000E+00 ,  0.0000000E+00
  25 ,          0.00 ,01/01/2024 ,      1.08 ,      0.09 ,      5.00 ,     77.00 ,  0.3589882E+03 ,  0.0000000E+00 ,  0.0000000E+00
  26 ,          0.00 ,01/01/2024 ,      0.56 ,      0.09 ,      0.00 ,     75.50 ,  0.3589882E+03 ,  0.0000000E+00 ,  0.0000000E+00
  27 ,          0.00 ,01/01/2024 ,      1.35 ,      0.09 ,      0.75 ,     75.50 ,  0.3589882E+03 ,  0.0000000E+00 ,  0.0000000E+00
  28 ,          0.00 ,01/01/2024 ,      1.89 ,      0.09 ,      1.80 ,     75.50 ,  0.3589882E+03 ,  0.0000000E+00 ,  0.0000000E+00
  29 ,          0.00 ,01/01/2024 ,      2.40 ,      0.09 ,      3.27 ,     75.50 ,  0.3589882E+03 ,  0.0000000E+00 ,  0.0000000E+00
  30 ,          0.00 ,01/01/2024 ,      1.30 ,      0.09 ,      5.00 ,     75.50 ,  0.3589882E+03 ,  0.0000000E+00 ,  0.0000000E+00
  31 ,          0.00 ,01/01/2024 ,      0.47 ,      0.09 ,      0.00 ,     74.00 ,  0.3589882E+03 ,  0.0000000E+00 ,  0.0000000E+00
  32 ,          0.00 ,01/01/2024 ,      1.12 ,      0.09 ,      0.75 ,     74.00 ,  0.3589882E+03 ,  0.0000000E+00 ,  0.0000000E+00
  33 ,          0.00 ,01/01/2024 ,      1.58 ,      0.09 ,      1.80 ,     74.00 ,  0.3589882E+03 ,  0.0000000E+00 ,  0.0000000E+00
  34 ,          0.00 ,01/01/2024 ,      2.00 ,      0.09 ,      3.27 ,     74.00 ,  0.3589882E+03 ,  0.0000000E+00 ,  0.0000000E+00
  35 ,          0.00 ,01/01/2024 ,      1.08 ,      0.09 ,      5.00 ,     74.00 ,  0.3589882E+03 ,  0.0000000E+00 ,  0.0000000E+00
  36 ,          0.00 ,01/01/2024 ,      0.38 ,      0.09 ,      0.00 ,     73.00 ,  0.3589882E+03 ,  0.0000000E+00 ,  0.0000000E+00
  37 ,          0.00 ,01/01/2024 ,      0.90 ,      0.09 ,      0.75 ,     73.00 ,  0.3589882E+03 ,  0.0000000E+00 ,  0.0000000E+00
  38 ,          0.00 ,01/01/2024 ,      1.26 ,      0.09 ,      1.80 ,     73.00 ,  0.3589882E+03 ,  0.0000000E+00 ,  0.0000000E+00
  39 ,          0.00 ,01/01/2024 ,      1.60 ,      0.09 ,      3.27 ,     73.00 ,  0.3589882E+03 ,  0.0000000E+00 ,  0.0000000E+00
  40 ,          0.00 ,01/01/2024 ,      0.87 ,      0.09 ,      5.00 ,     73.00 ,  0.3589882E+03 ,  0.0000000E+00 ,  0.0000000E+00
  41 ,          0.00 ,01/01/2024 ,      0.38 ,      0.09 ,      0.00 ,     72.00 ,  0.3589882E+03 ,  0.0000000E+00 ,  0.0000000E+00
  42 ,          0.00 ,01/01/2024 ,      0.90 ,      0.09 ,      0.75 ,     72.00 ,  0.3589882E+03 ,  0.0000000E+00 ,  0.0000000E+00
  43 ,          0.00 ,01/01/2024 ,      1.26 ,      0.09 ,      1.80 ,     72.00 ,  0.3589882E+03 ,  0.0000000E+00 ,  0.0000000E+00
  44 ,          0.00 ,01/01/2024 ,      1.60 ,      0.09 ,      3.27 ,     72.00 ,  0.3589882E+03 ,  0.0000000E+00 ,  0.0000000E+00
  45 ,          0.00 ,01/01/2024 ,      0.87 ,      0.09 ,      5.00 ,     72.00 ,  0.3589882E+03 ,  0.0000000E+00 ,  0.0000000E+00
  46 ,          0.00 ,01/01/2024 ,      0.38 ,      0.09 ,      0.00 ,     71.00 ,  0.3589882E+03 ,  0.0000000E+00 ,  0.0000000E+00
  47 ,          0.00 ,01/01/2024 ,      0.90 ,      0.09 ,      0.75 ,     71.00 ,  0.3589882E+03 ,  0.0000000E+00 ,  0.0000000E+00
  48 ,          0.00 ,01/01/2024 ,      1.26 ,      0.09 ,      1.80 ,     71.00 ,  0.3589882E+03 ,  0.0000000E+00 ,  0.0000000E+00
  49 ,          0.00 ,01/01/2024 ,      1.60 ,      0.09 ,      3.27 ,     71.00 ,  0.3589882E+03 ,  0.0000000E+00 ,  0.0000000E+00
  50 ,          0.00 ,01/01/2024 ,      0.87 ,      0.09 ,      5.00 ,     71.00 ,  0.3589882E+03 ,  0.0000000E+00 ,  0.0000000E+00
  51 ,          0.00 ,01/01/2024 ,      0.38 ,      0.09 ,      0.00 ,     70.00 ,  0.8545652E+02 ,  0.0000000E+00 ,  0.0000000E+00
  52 ,          0.00 ,01/01/2024 ,      0.90 ,      0.09 ,      0.75 ,     70.00 ,  0.8545652E+02 ,  0.0000000E+00 ,  0.0000000E+00
  53 ,          0.00 ,01/01/2024 ,      1.26 ,      0.09 ,      1.80 ,     70.00 ,  0.8545652E+02 ,  0.0000000E+00 ,  0.0000000E+00
  54 ,          0.00 ,01/01/2024 ,      1.60 ,      0.09 ,      3.27 ,     70.00 ,  0.8545652E+02 ,  0.0000000E+00 ,  0.0000000E+00
  55 ,          0.00 ,01/01/2024 ,      0.87 ,      0.09 ,      5.00 ,     70.00 ,  0.8545652E+02 ,  0.0000000E+00 ,  0.0000000E+00
  56 ,          0.00 ,01/01/2024 ,      0.38 ,      0.09 ,      0.00 ,     69.00 ,  0.8545652E+02 ,  0.0000000E+00 ,  0.0000000E+00
  57 ,          0.00 ,01/01/2024 ,      0.90 ,      0.09 ,      0.75 ,     69.00 ,  0.8545652E+02 ,  0.0000000E+00 ,  0.0000000E+00
  58 ,          0.00 ,01/01/2024 ,      1.26 ,      0.09 ,      1.80 ,     69.00 ,  0.8545652E+02 ,  0.0000000E+00 ,  0.0000000E+00
  59 ,          0.00 ,01/01/2024 ,      1.60 ,      0.09 ,      3.27 ,     69.00 ,  0.8545652E+02 ,  0.0000000E+00 ,  0.0000000E+00
  60 ,          0.00 ,01/01/2024 ,      0.87 ,      0.09 ,      5.00 ,     69.00 ,  0.8545652E+02 ,  0.0000000E+00 ,  0.0000000E+00
  61 ,          0.00 ,01/01/2024 ,      0.38 ,      0.09 ,      0.00 ,     68.00 ,  0.8545652E+02 ,  0.0000000E+00 ,  0.0000000E+00
  62 ,          0.00 ,01/01/2024 ,      0.90 ,      0.09 ,      0.75 ,     68.00 ,  0.8545652E+02 ,  0.0000000E+00 ,  0.0000000E+00
  63 ,          0.00 ,01/01/2024 ,      1.26 ,      0.09 ,      1.80 ,     68.00 ,  0.8545652E+02 ,  0.0000000E+00 ,  0.0000000E+00
  64 ,          0.00 ,01/01/2024 ,      1.60 ,      0.09 ,      3.27 ,     68.00 ,  0.8545652E+02 ,  0.0000000E+00 ,  0.0000000E+00
  65 ,          0.00 ,01/01/2024 ,      0.87 ,      0.09 ,      5.00 ,     68.00 ,  0.8545652E+02 ,  0.0000000E+00 ,  0.0000000E+00
  66 ,          0.00 ,01/01/2024 ,      0.38 ,      0.09 ,      0.00 ,     67.00 ,  0.8545652E+02 ,  0.0000000E+00 ,  0.0000000E+00
  67 ,          0.00 ,01/01/2024 ,      0.90 ,      0.09 ,      0.75 ,     67.00 ,  0.8545652E+02 ,  0.0000000E+00 ,  0.0000000E+00
  68 ,          0.00 ,01/01/2024 ,      1.26 ,      0.09 ,      1.80 ,     67.00 ,  0.8545652E+02 ,  0.0000000E+00 ,  0.0000000E+00
  69 ,          0.00 ,01/01/2024 ,      1.60 ,      0.09 ,      3.27 ,     67.00 ,  0.8545652E+02 ,  0.0000000E+00 ,  0.0000000E+00
  70 ,          0.00 ,01/01/2024 ,      0.87 ,      0.09 ,      5.00 ,     67.00 ,  0.8545652E+02 ,  0.0000000E+00 ,  0.0000000E+00
  71 ,          0.00 ,01/01/2024 ,      0.38 ,      0.09 ,      0.00 ,     66.00 ,  0.8545652E+02 ,  0.0000000E+00 ,  0.0000000E+00
  72 ,          0.00 ,01/01/2024 ,      0.90 ,      0.09 ,      0.75 ,     66.00 ,  0.8545652E+02 ,  0.0000000E+00 ,  0.0000000E+00
  73 ,          0.00 ,01/01/2024 ,      1.26 ,      0.09 ,      1.80 ,     66.00 ,  0.8545652E+02 ,  0.0000000E+00 ,  0.0000000E+00
  74 ,          0.00 ,01/01/2024 ,      1.60 ,      0.09 ,      3.27 ,     66.00 ,  0.8545652E+02 ,  0.0000000E+00 ,  0.0000000E+00
  75 ,          0.00 ,01/01/2024 ,      0.87 ,      0.09 ,      5.00 ,     66.00 ,  0.8545652E+02 ,  0.0000000E+00 ,  0.0000000E+00
  76 ,          0.00 ,01/01/2024 ,      0.38 ,      0.09 ,      0.00 ,     65.00 ,  0.8545652E+02 ,  0.0000000E+00 ,  0.0000000E+00
  77 ,          0.00 ,01/01/2024 ,      0.90 ,      0.09 ,      0.75 ,     65.00 ,  0.8545652E+02 ,  0.0000000E+00 ,  0.0000000E+00
  78 ,          0.00 ,01/01/2024 ,      1.26 ,      0.09 ,      1.80 ,     65.00 ,  0.8545652E+02 ,  0.0000000E+00 ,  0.0000000E+00
  79 ,          0.00 ,01/01/2024 ,      1.60 ,      0.09 ,      3.27 ,     65.00 ,  0.8545652E+02 ,  0.0000000E+00 ,  0.0000000E+00
  80 ,          0.00 ,01/01/2024 ,      0.87 ,      0.09 ,      5.00 ,     65.00 ,  0.8545652E+02 ,  0.0000000E+00 ,  0.0000000E+00
  81 ,          0.00 ,01/01/2024 ,      0.38 ,      0.09 ,      0.00 ,     64.00 ,  0.8545652E+02 ,  0.0000000E+00 ,  0.0000000E+00
  82 ,          0.00 ,01/01/2024 ,      0.90 ,      0.09 ,      0.75 ,     64.00 ,  0.8545652E+02 ,  0.0000000E+00 ,  0.0000000E+00
  83 ,          0.00 ,01/01/2024 ,      1.26 ,      0.09 ,      1.80 ,     64.00 ,  0.8545652E+02 ,  0.0000000E+00 ,  0.0000000E+00
  84 ,          0.00 ,01/01/2024 ,      1.60 ,      0.09 ,      3.27 ,     64.00 ,  0.8545652E+02 ,  0.0000000E+00 ,  0.0000000E+00
  85 ,          0.00 ,01/01/2024 ,      0.87 ,      0.09 ,      5.00 ,     64.00 ,  0.8545652E+02 ,  0.0000000E+00 ,  0.0000000E+00
  86 ,          0.00 ,01/01/2024 ,      0.38 ,      0.09 ,      0.00 ,     63.00 ,  0.8545652E+02 ,  0.0000000E+00 ,  0.0000000E+00
  87 ,          0.00 ,01/01/2024 ,      0.90 ,      0.09 ,      0.75 ,     63.00 ,  0.8545652E+02 ,  0.0000000E+00 ,  0.0000000E+00
  88 ,          0.00 ,01/01/2024 ,      1.26 ,      0.09 ,      1.80 ,     63.00 ,  0.8545652E+02 ,  0.0000000E+00 ,  0.0000000E+00
  89 ,          0.00 ,01/01/2024 ,      1.60 ,      0.09 ,      3.27 ,     63.00 ,  0.8545652E+02 ,  0.0000000E+00 ,  0.0000000E+00
  90 ,          0.00 ,01/01/2024 ,      0.87 ,      0.09 ,      5.00 ,     63.00 ,  0.8545652E+02 ,  0.0000000E+00 ,  0.0000000E+00
  91 ,          0.00 ,01/01/2024 ,      0.38 ,      0.09 ,      0.00 ,     62.00 ,  0.8545652E+02 ,  0.0000000E+00 ,  0.0000000E+00
  92 ,          0.00 ,01/01/2024 ,      0.90 ,      0.09 ,      0.75 ,     62.00 ,  0.8545652E+02 ,  0.0000000E+00 ,  0.0000000E+00
  93 ,          0.00 ,01/01/2024 ,      1.26 ,      0.09 ,      1.80 ,     62.00 ,  0.8545652E+02 ,  0.0000000E+00 ,  0.0000000E+00
  94 ,          0.00 ,01/01/2024 ,      1.60 ,      0.09 ,      3.27 ,     62.00 ,  0.8545652E+02 ,  0.0000000E+00 ,  0.0000000E+00
  95 ,          0.00 ,01/01/2024 ,      0.87 ,      0.09 ,      5.00 ,     62.00 ,  0.8545652E+02 ,  0.0000000E+00 ,  0.0000000E+00
  96 ,          0.00 ,01/01/2024 ,      0.38 ,      0.09 ,      0.00 ,     61.00 ,  0.8545652E+02 ,  0.0000000E+00 ,  0.0000000E+00
  97 ,          0.00 ,01/01/2024 ,      0.90 ,      0.09 ,      0.75 ,     61.00 ,  0.8545652E+02 ,  0.0000000E+00 ,  0.0000000E+00
  98 ,          0.00 ,01/01/2024 ,      1.26 ,      0.09 ,      1.80 ,     61.00 ,  0.8545652E+02 ,  0.0000000E+00 ,  0.0000000E+00
  99 ,          0.00 ,01/01/2024 ,      1.60 ,      0.09 ,      3.27 ,     61.00 ,  0.8545652E+02 ,  0.0000000E+00 ,  0.0000000E+00
 100 ,          0.00 ,01/01/2024 ,      0.87 ,      0.09 ,      5.00 ,     61.00 ,  0.8545652E+02 ,  0.0000000E+00 ,  0.0000000E+00
 101 ,          0.00 ,01/01/2024 ,      0.38 ,      0.09 ,      0.00 ,     60.00 ,  0.1026186E+03 ,  0.0000000E+00 ,  0.0000000E+00
 102 ,          0.00 ,01/01/2024 ,      0.90 ,      0.09 ,      0.75 ,     60.00 ,  0.1026186E+03 ,  0.0000000E+00 ,  0.0000000E+00
 103 ,          0.00 ,01/01/2024 ,      1.26 ,      0.09 ,      1.80 ,     60.00 ,  0.1026186E+03 ,  0.0000000E+00 ,  0.0000000E+00
 104 ,          0.00 ,01/01/2024 ,      1.60 ,      0.09 ,      3.27 ,     60.00 ,  0.1026186E+03 ,  0.0000000E+00 ,  0.0000000E+00
 105 ,          0.00 ,01/01/2024 ,      0.87 ,      0.09 ,      5.00 ,     60.00 ,  0.1026186E+03 ,  0.0000000E+00 ,  0.0000000E+00
 106 ,          0.00 ,01/01/2024 ,      0.38 ,      0.09 ,      0.00 ,     59.00 ,  0.1026186E+03 ,  0.0000000E+00 ,  0.0000000E+00
 107 ,          0.00 ,01/01/2024 ,      0.90 ,      0.09 ,      0.75 ,     59.00 ,  0.1026186E+03 ,  0.0000000E+00 ,  0.0000000E+00
 108 ,          0.00 ,01/01/2024 ,      1.26 ,      0.09 ,      1.80 ,     59.00 ,  0.1026186E+03 ,  0.0000000E+00 ,  0.0000000E+00
 109 ,          0.00 ,01/01/2024 ,      1.60 ,      0.09 ,      3.27 ,     59.00 ,  0.1026186E+03 ,  0.0000000E+00 ,  0.0000000E+00
 110 ,          0.00 ,01/01/2024 ,      0.87 ,      0.09 ,      5.00 ,     59.00 ,  0.1026186E+03 ,  0.0000000E+00 ,  0.0000000E+00
 111 ,          0.00 ,01/01/2024 ,      0.38 ,      0.09 ,      0.00 ,     58.00 ,  0.1026186E+03 ,  0.0000000E+00 ,  0.0000000E+00
 112 ,          0.00 ,01/01/2024 ,      0.90 ,      0.09 ,      0.75 ,     58.00 ,  0.1026186E+03 ,  0.0000000E+00 ,  0.0000000E+00
 113 ,          0.00 ,01/01/2024 ,      1.26 ,      0.09 ,      1.80 ,     58.00 ,  0.1026186E+03 ,  0.0000000E+00 ,  0.0000000E+00
 114 ,          0.00 ,01/01/2024 ,      1.60 ,      0.09 ,      3.27 ,     58.00 ,  0.1026186E+03 ,  0.0000000E+00 ,  0.0000000E+00
 115 ,          0.00 ,01/01/2024 ,      0.87 ,      0.09 ,      5.00 ,     58.00 ,  0.1026186E+03 ,  0.0000000E+00 ,  0.0000000E+00
 116 ,          0.00 ,01/01/2024 ,      0.38 ,      0.09 ,      0.00 ,     57.00 ,  0.1026186E+03 ,  0.0000000E+00 ,  0.0000000E+00
 117 ,          0.00 ,01/01/2024 ,      0.90 ,      0.09 ,      0.75 ,     57.00 ,  0.1026186E+03 ,  0.0000000E+00 ,  0.0000000E+00
 118 ,          0.00 ,01/01/2024 ,      1.26 ,      0.09 ,      1.80 ,     57.00 ,  0.1026186E+03 ,  0.0000000E+00 ,  0.0000000E+00
 119 ,          0.00 ,01/01/2024 ,      1.60 ,      0.09 ,      3.27 ,     57.00 ,  0.1026186E+03 ,  0.0000000E+00 ,  0.0000000E+00
 120 ,          0.00 ,01/01/2024 ,      0.87 ,      0.09 ,      5.00 ,     57.00 ,  0.1026186E+03 ,  0.0000000E+00 ,  0.0000000E+00
 121 ,          0.00 ,01/01/2024 ,      0.38 ,      0.09 ,      0.00 ,     56.00 ,  0.1026186E+03 ,  0.0000000E+00 ,  0.0000000E+00
 122 ,          0.00 ,01/01/2024 ,      0.90 ,      0.09 ,      0.75 ,     56.00 ,  0.1026186E+03 ,  0.0000000E+00 ,  0.0000000E+00
 123 ,          0.00 ,01/01/2024 ,      1.26 ,      0.09 ,      1.80 ,     56.00 ,  0.1026186E+03 ,  0.0000000E+00 ,  0.0000000E+00
 124 ,          0.00 ,01/01/2024 ,      1.60 ,      0.09 ,      3.27 ,     56.00 ,  0.1026186E+03 ,  0.0000000E+00 ,  0.0000000E+00
 125 ,          0.00 ,01/01/2024 ,      0.87 ,      0.09 ,      5.00 ,     56.00 ,  0.1026186E+03 ,  0.0000000E+00 ,  0.0000000E+00
 126 ,          0.00 ,01/01/2024 ,      0.38 ,      0.09 ,      0.00 ,     55.00 ,  0.1026186E+03 ,  0.0000000E+00 ,  0.0000000E+00
 127 ,          0.00 ,01/01/2024 ,      0.90 ,      0.09 ,      0.75 ,     55.00 ,  0.1026186E+03 ,  0.0000000E+00 ,  0.0000000E+00
 128 ,          0.00 ,01/01/2024 ,      1.26 ,      0.09 ,      1.80 ,     55.00 ,  0.1026186E+03 ,  0.0000000E+00 ,  0.0000000E+00
 129 ,          0.00 ,01/01/2024 ,      1.60 ,      0.09 ,      3.27 ,     55.00 ,  0.1026186E+03 ,  0.0000000E+00 ,  0.0000000E+00
 130 ,          0.00 ,01/01/2024 ,      0.87 ,      0.09 ,      5.00 ,     55.00 ,  0.1026186E+03 ,  0.0000000E+00 ,  0.0000000E+00
 131 ,          0.00 ,01/01/2024 ,      0.38 ,      0.09 ,      0.00 ,     54.00 ,  0.1026186E+03 ,  0.0000000E+00 ,  0.0000000E+00
 132 ,          0.00 ,01/01/2024 ,      0.90 ,      0.09 ,      0.75 ,     54.00 ,  0.1026186E+03 ,  0.0000000E+00 ,  0.0000000E+00
 133 ,          0.00 ,01/01/2024 ,      1.26 ,      0.09 ,      1.80 ,     54.00 ,  0.1026186E+03 ,  0.0000000E+00 ,  0.0000000E+00
 134 ,          0.00 ,01/01/2024 ,      1.60 ,      0.09 ,      3.27 ,     54.00 ,  0.1026186E+03 ,  0.0000000E+00 ,  0.0000000E+00
 135 ,          0.00 ,01/01/2024 ,      0.87 ,      0.09 ,      5.00 ,     54.00 ,  0.1026186E+03 ,  0.0000000E+00 ,  0.0000000E+00
 136 ,          0.00 ,01/01/2024 ,      0.38 ,      0.09 ,      0.00 ,     53.00 ,  0.1026186E+03 ,  0.0000000E+00 ,  0.0000000E+00
 137 ,          0.00 ,01/01/2024 ,      0.90 ,      0.09 ,      0.75 ,     53.00 ,  0.1026186E+03 ,  0.0000000E+00 ,  0.0000000E+00
 138 ,          0.00 ,01/01/2024 ,      1.26 ,      0.09 ,      1.80 ,     53.00 ,  0.1026186E+03 ,  0.0000000E+00 ,  0.0000000E+00
 139 ,          0.00 ,01/01/2024 ,      1.60 ,      0.09 ,      3.27 ,     53.00 ,  0.1026186E+03 ,  0.0000000E+00 ,  0.0000000E+00
 140 ,          0.00 ,01/01/2024 ,      0.87 ,      0.09 ,      5.00 ,     53.00 ,  0.1026186E+03 ,  0.0000000E+00 ,  0.0000000E+00
 141 ,          0.00 ,01/01/2024 ,      0.38 ,      0.09 ,      0.00 ,     52.00 ,  0.1026186E+03 ,  0.0000000E+00 ,  0.0000000E+00
 142 ,          0.00 ,01/01/2024 ,      0.90 ,      0.09 ,      0.75 ,     52.00 ,  0.1026186E+03 ,  0.0000000E+00 ,  0.0000000E+00
 143 ,          0.00 ,01/01/2024 ,      1.26 ,      0.09 ,      1.80 ,     52.00 ,  0.1026186E+03 ,  0.0000000E+00 ,  0.0000000E+00
 144 ,          0.00 ,01/01/2024 ,      1.60 ,      0.09 ,      3.27 ,     52.00 ,  0.1026186E+03 ,  0.0000000E+00 ,  0.0000000E+00
 145 ,          0.00 ,01/01/2024 ,      0.87 ,      0.09 ,      5.00 ,     52.00 ,  0.1026186E+03 ,  0.0000000E+00 ,  0.0000000E+00
 146 ,          0.00 ,01/01/2024 ,      0.38 ,      0.09 ,      0.00 ,     51.00 ,  0.1026186E+03 ,  0.0000000E+00 ,  0.0000000E+00
 147 ,          0.00 ,01/01/2024 ,      0.90 ,      0.09 ,      0.75 ,     51.00 ,  0.1026186E+03 ,  0.0000000E+00 ,  0.0000000E+00
 148 ,          0.00 ,01/01/2024 ,      1.26 ,      0.09 ,      1.80 ,     51.00 ,  0.1026186E+03 ,  0.0000000E+00 ,  0.0000000E+00
 149 ,          0.00 ,01/01/2024 ,      1.60 ,      0.09 ,      3.27 ,     51.00 ,  0.1026186E+03 ,  0.0000000E+00 ,  0.0000000E+00
 150 ,          0.00 ,01/01/2024 ,      0.87 ,      0.09 ,      5.00 ,     51.00 ,  0.1026186E+03 ,  0.0000000E+00 ,  0.0000000E+00
 151 ,          0.00 ,01/01/2024 ,      0.38 ,      0.09 ,      0.00 ,     50.00 ,  0.1312810E+03 ,  0.0000000E+00 ,  0.0000000E+00
 152 ,          0.00 ,01/01/2024 ,      0.90 ,      0.09 ,      0.75 ,     50.00 ,  0.1312810E+03 ,  0.0000000E+00 ,  0.0000000E+00
 153 ,          0.00 ,01/01/2024 ,      1.26 ,      0.09 ,      1.80 ,     50.00 ,  0.1312810E+03 ,  0.0000000E+00 ,  0.0000000E+00
 154 ,          0.00 ,01/01/2024 ,      1.60 ,      0.09 ,      3.27 ,     50.00 ,  0.1312810E+03 ,  0.0000000E+00 ,  0.0000000E+00
 155 ,          0.00 ,01/01/2024 ,      0.87 ,      0.09 ,      5.00 ,     50.00 ,  0.1312810E+03 ,  0.0000000E+00 ,  0.0000000E+00
 156 ,          0.00 ,01/01/2024 ,      0.38 ,      0.09 ,      0.00 ,     49.00 ,  0.1312810E+03 ,  0.0000000E+00 ,  0.0000000E+00
 157 ,          0.00 ,01/01/2024 ,      0.90 ,      0.09 ,      0.75 ,     49.00 ,  0.1312810E+03 ,  0.0000000E+00 ,  0.0000000E+00
 158 ,          0.00 ,01/01/2024 ,      1.26 ,      0.09 ,      1.80 ,     49.00 ,  0.1312810E+03 ,  0.0000000E+00 ,  0.0000000E+00
 159 ,          0.00 ,01/01/2024 ,      1.60 ,      0.09 ,      3.27 ,     49.00 ,  0.1312810E+03 ,  0.0000000E+00 ,  0.0000000E+00
 160 ,          0.00 ,01/01/2024 ,      0.87 ,      0.09 ,      5.00 ,     49.00 ,  0.1312810E+03 ,  0.0000000E+00 ,  0.0000000E+00
 161 ,          0.00 ,01/01/2024 ,      0.38 ,      0.09 ,      0.00 ,     48.00 ,  0.1312810E+03 ,  0.0000000E+00 ,  0.0000000E+00
 162 ,          0.00 ,01/01/2024 ,      0.90 ,      0.09 ,      0.75 ,     48.00 ,  0.1312810E+03 ,  0.0000000E+00 ,  0.0000000E+00
 163 ,          0.00 ,01/01/2024 ,      1.26 ,      0.09 ,      1.80 ,     48.00 ,  0.1312810E+03 ,  0.0000000E+00 ,  0.0000000E+00
 164 ,          0.00 ,01/01/2024 ,      1.60 ,      0.09 ,      3.27 ,     48.00 ,  0.1312810E+03 ,  0.0000000E+00 ,  0.0000000E+00
 165 ,          0.00 ,01/01/2024 ,      0.87 ,      0.09 ,      5.00 ,     48.00 ,  0.1312810E+03 ,  0.0000000E+00 ,  0.0000000E+00
 166 ,          0.00 ,01/01/2024 ,      0.38 ,      0.09 ,      0.00 ,     47.00 ,  0.1312810E+03 ,  0.0000000E+00 ,  0.0000000E+00
 167 ,          0.00 ,01/01/2024 ,      0.90 ,      0.09 ,      0.75 ,     47.00 ,  0.1312810E+03 ,  0.0000000E+00 ,  0.0000000E+00
 168 ,          0.00 ,01/01/2024 ,      1.26 ,      0.09 ,      1.80 ,     47.00 ,  0.1312810E+03 ,  0.0000000E+00 ,  0.0000000E+00
 169 ,          0.00 ,01/01/2024 ,      1.60 ,      0.09 ,      3.27 ,     47.00 ,  0.1312810E+03 ,  0.0000000E+00 ,  0.0000000E+00
 170 ,          0.00 ,01/01/2024 ,      0.87 ,      0.09 ,      5.00 ,     47.00 ,  0.1312810E+03 ,  0.0000000E+00 ,  0.0000000E+00
 171 ,          0.00 ,01/01/2024 ,      0.38 ,      0.09 ,      0.00 ,     46.00 ,  0.1312810E+03 ,  0.0000000E+00 ,  0.0000000E+00
 172 ,          0.00 ,01/01/2024 ,      0.90 ,      0.09 ,      0.75 ,     46.00 ,  0.1312810E+03 ,  0.0000000E+00 ,  0.0000000E+00
 173 ,          0.00 ,01/01/2024 ,      1.26 ,      0.09 ,      1.80 ,     46.00 ,  0.1312810E+03 ,  0.0000000E+00 ,  0.0000000E+00
 174 ,          0.00 ,01/01/2024 ,      1.60 ,      0.09 ,      3.27 ,     46.00 ,  0.1312810E+03 ,  0.0000000E+00 ,  0.0000000E+00
 175 ,          0.00 ,01/01/2024 ,      0.87 ,      0.09 ,      5.00 ,     46.00 ,  0.1312810E+03 ,  0.0000000E+00 ,  0.0000000E+00
 176 ,          0.00 ,01/01/2024 ,      0.38 ,      0.09 ,      0.00 ,     45.00 ,  0.1312810E+03 ,  0.0000000E+00 ,  0.0000000E+00
 177 ,          0.00 ,01/01/2024 ,      0.90 ,      0.09 ,      0.75 ,     45.00 ,  0.1312810E+03 ,  0.0000000E+00 ,  0.0000000E+00
 178 ,          0.00 ,01/01/2024 ,      1.26 ,      0.09 ,      1.80 ,     45.00 ,  0.1312810E+03 ,  0.0000000E+00 ,  0.0000000E+00
 179 ,          0.00 ,01/01/2024 ,      1.60 ,      0.09 ,      3.27 ,     45.00 ,  0.1312810E+03 ,  0.0000000E+00 ,  0.0000000E+00
 180 ,          0.00 ,01/01/2024 ,      0.87 ,      0.09 ,      5.00 ,     45.00 ,  0.1312810E+03 ,  0.0000000E+00 ,  0.0000000E+00
 181 ,          0.00 ,01/01/2024 ,      0.38 ,      0.09 ,      0.00 ,     44.00 ,  0.1312810E+03 ,  0.0000000E+00 ,  0.0000000E+00
 182 ,          0.00 ,01/01/2024 ,      0.90 ,      0.09 ,      0.75 ,     44.00 ,  0.1312810E+03 ,  0.0000000E+00 ,  0.0000000E+00
 183 ,          0.00 ,01/01/2024 ,      1.26 ,      0.09 ,      1.80 ,     44.00 ,  0.1312810E+03 ,  0.0000000E+00 ,  0.0000000E+00
 184 ,          0.00 ,01/01/2024 ,      1.60 ,      0.09 ,      3.27 ,     44.00 ,  0.1312810E+03 ,  0.0000000E+00 ,  0.0000000E+00
 185 ,          0.00 ,01/01/2024 ,      0.87 ,      0.09 ,      5.00 ,     44.00 ,  0.1312810E+03 ,  0.0000000E+00 ,  0.0000000E+00
 186 ,          0.00 ,01/01/2024 ,      0.38 ,      0.09 ,      0.00 ,     43.00 ,  0.1312810E+03 ,  0.0000000E+00 ,  0.0000000E+00
 187 ,          0.00 ,01/01/2024 ,      0.90 ,      0.09 ,      0.75 ,     43.00 ,  0.1312810E+03 ,  0.0000000E+00 ,  0.0000000E+00
 188 ,          0.00 ,01/01/2024 ,      1.26 ,      0.09 ,      1.80 ,     43.00 ,  0.1312810E+03 ,  0.0000000E+00 ,  0.0000000E+00
 189 ,          0.00 ,01/01/2024 ,      1.60 ,      0.09 ,      3.27 ,     43.00 ,  0.1312810E+03 ,  0.0000000E+00 ,  0.0000000E+00
 190 ,          0.00 ,01/01/2024 ,      0.87 ,      0.09 ,      5.00 ,     43.00 ,  0.1312810E+03 ,  0.0000000E+00 ,  0.0000000E+00
 191 ,          0.00 ,01/01/2024 ,      0.38 ,      0.09 ,      0.00 ,     42.00 ,  0.1312810E+03 ,  0.0000000E+00 ,  0.0000000E+00
 192 ,          0.00 ,01/01/2024 ,      0.90 ,      0.09 ,      0.75 ,     42.00 ,  0.1312810E+03 ,  0.0000000E+00 ,  0.0000000E+00
 193 ,          0.00 ,01/01/2024 ,      1.26 ,      0.09 ,      1.80 ,     42.00 ,  0.1312810E+03 ,  0.0000000E+00 ,  0.0000000E+00
 194 ,          0.00 ,01/01/2024 ,      1.60 ,      0.09 ,      3.27 ,     42.00 ,  0.1312810E+03 ,  0.0000000E+00 ,  0.0000000E+00
 195 ,          0.00 ,01/01/2024 ,      0.87 ,      0.09 ,      5.00 ,     42.00 ,  0.1312810E+03 ,  0.0000000E+00 ,  0.0000000E+00
 196 ,          0.00 ,01/01/2024 ,      0.38 ,      0.09 ,      0.00 ,     41.00 ,  0.1312810E+03 ,  0.0000000E+00 ,  0.0000000E+00
 197 ,          0.00 ,01/01/2024 ,      0.90 ,      0.09 ,      0.75 ,     41.00 ,  0.1312810E+03 ,  0.0000000E+00 ,  0.0000000E+00
 198 ,          0.00 ,01/01/2024 ,      1.26 ,      0.09 ,      1.80 ,     41.00 ,  0.1312810E+03 ,  0.0000000E+00 ,  0.0000000E+00
 199 ,          0.00 ,01/01/2024 ,      1.60 ,      0.09 ,      3.27 ,     41.00 ,  0.1312810E+03 ,  0.0000000E+00 ,  0.0000000E+00
 200 ,          0.00 ,01/01/2024 ,      0.87 ,      0.09 ,      5.00 ,     41.00 ,  0.1312810E+03 ,  0.0000000E+00 ,  0.0000000E+00
 201 ,          0.00 ,01/01/2024 ,      0.38 ,      0.09 ,      0.00 ,     40.00 ,  0.1058033E+03 ,  0.0000000E+00 ,  0.0000000E+00
 202 ,          0.00 ,01/01/2024 ,      0.90 ,      0.09 ,      0.75 ,     40.00 ,  0.1058033E+03 ,  0.0000000E+00 ,  0.0000000E+00
 203 ,          0.00 ,01/01/2024 ,      1.26 ,      0.09 ,      1.80 ,     40.00 ,  0.1058033E+03 ,  0.0000000E+00 ,  0.0000000E+00
 204 ,          0.00 ,01/01/2024 ,      1.60 ,      0.09 ,      3.27 ,     40.00 ,  0.1058033E+03 ,  0.0000000E+00 ,  0.0000000E+00
 205 ,          0.00 ,01/01/2024 ,      0.87 ,      0.09 ,      5.00 ,     40.00 ,  0.1058033E+03 ,  0.0000000E+00 ,  0.0000000E+00
 206 ,          0.00 ,01/01/2024 ,      0.38 ,      0.09 ,      0.00 ,     39.00 ,  0.1058033E+03 ,  0.0000000E+00 ,  0.0000000E+00
 207 ,          0.00 ,01/01/2024 ,      0.90 ,      0.09 ,      0.75 ,     39.00 ,  0.1058033E+03 ,  0.0000000E+00 ,  0.0000000E+00
 208 ,          0.00 ,01/01/2024 ,      1.26 ,      0.09 ,      1.80 ,     39.00 ,  0.1058033E+03 ,  0.0000000E+00 ,  0.0000000E+00
 209 ,          0.00 ,01/01/2024 ,      1.60 ,      0.09 ,      3.27 ,     39.00 ,  0.1058033E+03 ,  0.0000000E+00 ,  0.0000000E+00
 210 ,          0.00 ,01/01/2024 ,      0.87 ,      0.09 ,      5.00 ,     39.00 ,  0.1058033E+03 ,  0.0000000E+00 ,  0.0000000E+00
 211 ,          0.00 ,01/01/2024 ,      0.38 ,      0.09 ,      0.00 ,     38.00 ,  0.1058033E+03 ,  0.0000000E+00 ,  0.0000000E+00
 212 ,          0.00 ,01/01/2024 ,      0.90 ,      0.09 ,      0.75 ,     38.00 ,  0.1058033E+03 ,  0.0000000E+00 ,  0.0000000E+00
 213 ,          0.00 ,01/01/2024 ,      1.26 ,      0.09 ,      1.80 ,     38.00 ,  0.1058033E+03 ,  0.0000000E+00 ,  0.0000000E+00
 214 ,          0.00 ,01/01/2024 ,      1.60 ,      0.09 ,      3.27 ,     38.00 ,  0.1058033E+03 ,  0.0000000E+00 ,  0.0000000E+00
 215 ,          0.00 ,01/01/2024 ,      0.87 ,      0.09 ,      5.00 ,     38.00 ,  0.1058033E+03 ,  0.0000000E+00 ,  0.0000000E+00
 216 ,          0.00 ,01/01/2024 ,      0.38 ,      0.09 ,      0.00 ,     37.00 ,  0.1058033E+03 ,  0.0000000E+00 ,  0.0000000E+00
 217 ,          0.00 ,01/01/2024 ,      0.90 ,      0.09 ,      0.75 ,     37.00 ,  0.1058033E+03 ,  0.0000000E+00 ,  0.0000000E+00
 218 ,          0.00 ,01/01/2024 ,      1.26 ,      0.09 ,      1.80 ,     37.00 ,  0.1058033E+03 ,  0.0000000E+00 ,  0.0000000E+00
 219 ,          0.00 ,01/01/2024 ,      1.60 ,      0.09 ,      3.27 ,     37.00 ,  0.1058033E+03 ,  0.0000000E+00 ,  0.0000000E+00
 220 ,          0.00 ,01/01/2024 ,      0.87 ,      0.09 ,      5.00 ,     37.00 ,  0.1058033E+03 ,  0.0000000E+00 ,  0.0000000E+00
 221 ,          0.00 ,01/01/2024 ,      0.38 ,      0.09 ,      0.00 ,     36.00 ,  0.1058033E+03 ,  0.0000000E+00 ,  0.0000000E+00
 222 ,          0.00 ,01/01/2024 ,      0.90 ,      0.09 ,      0.75 ,     36.00 ,  0.1058033E+03 ,  0.0000000E+00 ,  0.0000000E+00
 223 ,          0.00 ,01/01/2024 ,      1.26 ,      0.09 ,      1.80 ,     36.00 ,  0.1058033E+03 ,  0.0000000E+00 ,  0.0000000E+00
 224 ,          0.00 ,01/01/2024 ,      1.60 ,      0.09 ,      3.27 ,     36.00 ,  0.1058033E+03 ,  0.0000000E+00 ,  0.0000000E+00
 225 ,          0.00 ,01/01/2024 ,      0.87 ,      0.09 ,      5.00 ,     36.00 ,  0.1058033E+03 ,  0.0000000E+00 ,  0.0000000E+00
 226 ,          0.00 ,01/01/2024 ,      0.38 ,      0.09 ,      0.00 ,     35.00 ,  0.1058033E+03 ,  0.0000000E+00 ,  0.0000000E+00
 227 ,          0.00 ,01/01/2024 ,      0.90 ,      0.09 ,      0.75 ,     35.00 ,  0.1058033E+03 ,  0.0000000E+00 ,  0.0000000E+00
 228 ,          0.00 ,01/01/2024 ,      1.26 ,      0.09 ,      1.80 ,     35.00 ,  0.1058033E+03 ,  0.0000000E+00 ,  0.0000000E+00
 229 ,          0.00 ,01/01/2024 ,      1.60 ,      0.09 ,      3.27 ,     35.00 ,  0.1058033E+03 ,  0.0000000E+00 ,  0.0000000E+00
 230 ,          0.00 ,01/01/2024 ,      0.87 ,      0.09 ,      5.00 ,     35.00 ,  0.1058033E+03 ,  0.0000000E+00 ,  0.0000000E+00
 231 ,          0.00 ,01/01/2024 ,      0.38 ,      0.09 ,      0.00 ,     34.00 ,  0.1058033E+03 ,  0.0000000E+00 ,  0.0000000E+00
 232 ,          0.00 ,01/01/2024 ,      0.90 ,      0.09 ,      0.75 ,     34.00 ,  0.1058033E+03 ,  0.0000000E+00 ,  0.0000000E+00
 233 ,          0.00 ,01/01/2024 ,      1.26 ,      0.09 ,      1.80 ,     34.00 ,  0.1058033E+03 ,  0.0000000E+00 ,  0.0000000E+00
 234 ,          0.00 ,01/01/2024 ,      1.60 ,      0.09 ,      3.27 ,     34.00 ,  0.1058033E+03 ,  0.0000000E+00 ,  0.0000000E+00
 235 ,          0.00 ,01/01/2024 ,      0.87 ,      0.09 ,      5.00 ,     34.00 ,  0.1058033E+03 ,  0.0000000E+00 ,  0.0000000E+00
 236 ,          0.00 ,01/01/2024 ,      0.38 ,      0.09 ,      0.00 ,     33.00 ,  0.1058033E+03 ,  0.0000000E+00 ,  0.0000000E+00
 237 ,          0.00 ,01/01/2024 ,      0.90 ,      0.09 ,      0.75 ,     33.00 ,  0.1058033E+03 ,  0.0000000E+00 ,  0.0000000E+00
 238 ,          0.00 ,01/01/2024 ,      1.26 ,      0.09 ,      1.80 ,     33.00 ,  0.1058033E+03 ,  0.0000000E+00 ,  0.0000000E+00
 239 ,          0.00 ,01/01/2024 ,      1.60 ,      0.09 ,      3.27 ,     33.00 ,  0.1058033E+03 ,  0.0000000E+00 ,  0.0000000E+00
 240 ,          0.00 ,01/01/2024 ,      0.87 ,      0.09 ,      5.00 ,     33.00 ,  0.1058033E+03 ,  0.0000000E+00 ,  0.0000000E+00
 241 ,          0.00 ,01/01/2024 ,      0.38 ,      0.09 ,      0.00 ,     32.00 ,  0.1058033E+03 ,  0.0000000E+00 ,  0.0000000E+00
 242 ,          0.00 ,01/01/2024 ,      0.90 ,      0.09 ,      0.75 ,     32.00 ,  0.1058033E+03 ,  0.0000000E+00 ,  0.0000000E+00
 243 ,          0.00 ,01/01/2024 ,      1.26 ,      0.09 ,      1.80 ,     32.00 ,  0.1058033E+03 ,  0.0000000E+00 ,  0.0000000E+00
 244 ,          0.00 ,01/01/2024 ,      1.60 ,      0.09 ,      3.27 ,     32.00 ,  0.1058033E+03 ,  0.0000000E+00 ,  0.0000000E+00
 245 ,          0.00 ,01/01/2024 ,      0.87 ,      0.09 ,      5.00 ,     32.00 ,  0.1058033E+03 ,  0.0000000E+00 ,  0.0000000E+00
 246 ,          0.00 ,01/01/2024 ,      0.38 ,      0.09 ,      0.00 ,     31.00 ,  0.1058033E+03 ,  0.0000000E+00 ,  0.0000000E+00
 247 ,          0.00 ,01/01/2024 ,      0.90 ,      0.09 ,      0.75 ,     31.00 ,  0.1058033E+03 ,  0.0000000E+00 ,  0.0000000E+00
 248 ,          0.00 ,01/01/2024 ,      1.26 ,      0.09 ,      1.80 ,     31.00 ,  0.1058033E+03 ,  0.0000000E+00 ,  0.0000000E+00
 249 ,          0.00 ,01/01/2024 ,      1.60 ,      0.09 ,      3.27 ,     31.00 ,  0.1058033E+03 ,  0.0000000E+00 ,  0.0000000E+00
 250 ,          0.00 ,01/01/2024 ,      0.87 ,      0.09 ,      5.00 ,     31.00 ,  0.1058033E+03 ,  0.0000000E+00 ,  0.0000000E+00
 251 ,          0.00 ,01/01/2024 ,      0.38 ,      0.09 ,      0.00 ,     30.00 ,  0.1096957E+03 ,  0.0000000E+00 ,  0.0000000E+00
 252 ,          0.00 ,01/01/2024 ,      0.90 ,      0.09 ,      0.75 ,     30.00 ,  0.1096957E+03 ,  0.0000000E+00 ,  0.0000000E+00
 253 ,          0.00 ,01/01/2024 ,      1.26 ,      0.09 ,      1.80 ,     30.00 ,  0.1096957E+03 ,  0.0000000E+00 ,  0.0000000E+00
 254 ,          0.00 ,01/01/2024 ,      1.60 ,      0.09 ,      3.27 ,     30.00 ,  0.1096957E+03 ,  0.0000000E+00 ,  0.0000000E+00
 255 ,          0.00 ,01/01/2024 ,      0.87 ,      0.09 ,      5.00 ,     30.00 ,  0.1096957E+03 ,  0.0000000E+00 ,  0.0000000E+00
 256 ,          0.00 ,01/01/2024 ,      0.38 ,      0.09 ,      0.00 ,     29.00 ,  0.1096957E+03 ,  0.0000000E+00 ,  0.0000000E+00
 257 ,          0.00 ,01/01/2024 ,      0.90 ,      0.09 ,      0.75 ,     29.00 ,  0.1096957E+03 ,  0.0000000E+00 ,  0.0000000E+00
 258 ,          0.00 ,01/01/2024 ,      1.26 ,      0.09 ,      1.80 ,     29.00 ,  0.1096957E+03 ,  0.0000000E+00 ,  0.0000000E+00
 259 ,          0.00 ,01/01/2024 ,      1.60 ,      0.09 ,      3.27 ,     29.00 ,  0.1096957E+03 ,  0.0000000E+00 ,  0.0000000E+00
 260 ,          0.00 ,01/01/2024 ,      0.87 ,      0.09 ,      5.00 ,     29.00 ,  0.1096957E+03 ,  0.0000000E+00 ,  0.0000000E+00
 261 ,          0.00 ,01/01/2024 ,      0.38 ,      0.09 ,      0.00 ,     28.00 ,  0.1096957E+03 ,  0.0000000E+00 ,  0.0000000E+00
 262 ,          0.00 ,01/01/2024 ,      0.90 ,      0.09 ,      0.75 ,     28.00 ,  0.1096957E+03 ,  0.0000000E+00 ,  0.0000000E+00
 263 ,          0.00 ,01/01/2024 ,      1.26 ,      0.09 ,      1.80 ,     28.00 ,  0.1096957E+03 ,  0.0000000E+00 ,  0.0000000E+00
 264 ,          0.00 ,01/01/2024 ,      1.60 ,      0.09 ,      3.27 ,     28.00 ,  0.1096957E+03 ,  0.0000000E+00 ,  0.0000000E+00
 265 ,          0.00 ,01/01/2024 ,      0.87 ,      0.09 ,      5.00 ,     28.00 ,  0.1096957E+03 ,  0.0000000E+00 ,  0.0000000E+00
 266 ,          0.00 ,01/01/2024 ,      0.38 ,      0.09 ,      0.00 ,     27.00 ,  0.1096957E+03 ,  0.0000000E+00 ,  0.0000000E+00
 267 ,          0.00 ,01/01/2024 ,      0.90 ,      0.09 ,      0.75 ,     27.00 ,  0.1096957E+03 ,  0.0000000E+00 ,  0.0000000E+00
 268 ,          0.00 ,01/01/2024 ,      1.26 ,      0.09 ,      1.80 ,     27.00 ,  0.1096957E+03 ,  0.0000000E+00 ,  0.0000000E+00
 269 ,          0.00 ,01/01/2024 ,      1.60 ,      0.09 ,      3.27 ,     27.00 ,  0.1096957E+03 ,  0.0000000E+00 ,  0.0000000E+00
 270 ,          0.00 ,01/01/2024 ,      0.87 ,      0.09 ,      5.00 ,     27.00 ,  0.1096957E+03 ,  0.0000000E+00 ,  0.0000000E+00
 271 ,          0.00 ,01/01/2024 ,      0.38 ,      0.09 ,      0.00 ,     26.00 ,  0.1096957E+03 ,  0.0000000E+00 ,  0.0000000E+00
 272 ,          0.00 ,01/01/2024 ,      0.90 ,      0.09 ,      0.75 ,     26.00 ,  0.1096957E+03 ,  0.0000000E+00 ,  0.0000000E+00
 273 ,          0.00 ,01/01/2024 ,      1.26 ,      0.09 ,      1.80 ,     26.00 ,  0.1096957E+03 ,  0.0000000E+00 ,  0.0000000E+00
 274 ,          0.00 ,01/01/2024 ,      1.60 ,      0.09 ,      3.27 ,     26.00 ,  0.1096957E+03 ,  0.0000000E+00 ,  0.0000000E+00
 275 ,          0.00 ,01/01/2024 ,      0.87 ,      0.09 ,      5.00 ,     26.00 ,  0.1096957E+03 ,  0.0000000E+00 ,  0.0000000E+00
 276 ,          0.00 ,01/01/2024 ,      0.38 ,      0.09 ,      0.00 ,     25.00 ,  0.1096957E+03 ,  0.0000000E+00 ,  0.0000000E+00
 277 ,          0.00 ,01/01/2024 ,      0.90 ,      0.09 ,      0.75 ,     25.00 ,  0.1096957E+03 ,  0.0000000E+00 ,  0.0000000E+00
 278 ,          0.00 ,01/01/2024 ,      1.26 ,      0.09 ,      1.80 ,     25.00 ,  0.1096957E+03 ,  0.0000000E+00 ,  0.0000000E+00
 279 ,          0.00 ,01/01/2024 ,      1.60 ,      0.09 ,      3.27 ,     25.00 ,  0.1096957E+03 ,  0.0000000E+00 ,  0.0000000E+00
 280 ,          0.00 ,01/01/2024 ,      0.87 ,      0.09 ,      5.00 ,     25.00 ,  0.1096957E+03 ,  0.0000000E+00 ,  0.0000000E+00
 281 ,          0.00 ,01/01/2024 ,      0.38 ,      0.09 ,      0.00 ,     24.00 ,  0.1096957E+03 ,  0.0000000E+00 ,  0.0000000E+00
 282 ,          0.00 ,01/01/2024 ,      0.90 ,      0.09 ,      0.75 ,     24.00 ,  0.1096957E+03 ,  0.0000000E+00 ,  0.0000000E+00
 283 ,          0.00 ,01/01/2024 ,      1.26 ,      0.09 ,      1.80 ,     24.00 ,  0.1096957E+03 ,  0.0000000E+00 ,  0.0000000E+00
 284 ,          0.00 ,01/01/2024 ,      1.60 ,      0.09 ,      3.27 ,     24.00 ,  0.1096957E+03 ,  0.0000000E+00 ,  0.0000000E+00
 285 ,          0.00 ,01/01/2024 ,      0.87 ,      0.09 ,      5.00 ,     24.00 ,  0.1096957E+03 ,  0.0000000E+00 ,  0.0000000E+00
 286 ,          0.00 ,01/01/2024 ,      0.38 ,      0.09 ,      0.00 ,     23.00 ,  0.1096957E+03 ,  0.0000000E+00 ,  0.0000000E+00
 287 ,          0.00 ,01/01/2024 ,      0.90 ,      0.09 ,      0.75 ,     23.00 ,  0.1096957E+03 ,  0.0000000E+00 ,  0.0000000E+00
 288 ,          0.00 ,01/01/2024 ,      1.26 ,      0.09 ,      1.80 ,     23.00 ,  0.1096957E+03 ,  0.0000000E+00 ,  0.0000000E+00
 289 ,          0.00 ,01/01/2024 ,      1.60 ,      0.09 ,      3.27 ,     23.00 ,  0.1096957E+03 ,  0.0000000E+00 ,  0.0000000E+00
 290 ,          0.00 ,01/01/2024 ,      0.87 ,      0.09 ,      5.00 ,     23.00 ,  0.1096957E+03 ,  0.0000000E+00 ,  0.0000000E+00
 291 ,          0.00 ,01/01/2024 ,      0.38 ,      0.09 ,      0.00 ,     22.00 ,  0.1096957E+03 ,  0.0000000E+00 ,  0.0000000E+00
 292 ,          0.00 ,01/01/2024 ,      0.90 ,      0.09 ,      0.75 ,     22.00 ,  0.1096957E+03 ,  0.0000000E+00 ,  0.0000000E+00
 293 ,          0.00 ,01/01/2024 ,      1.26 ,      0.09 ,      1.80 ,     22.00 ,  0.1096957E+03 ,  0.0000000E+00 ,  0.0000000E+00
 294 ,          0.00 ,01/01/2024 ,      1.60 ,      0.09 ,      3.27 ,     22.00 ,  0.1096957E+03 ,  0.0000000E+00 ,  0.0000000E+00
 295 ,          0.00 ,01/01/2024 ,      0.87 ,      0.09 ,      5.00 ,     22.00 ,  0.1096957E+03 ,  0.0000000E+00 ,  0.0000000E+00
 296 ,          0.00 ,01/01/2024 ,      0.38 ,      0.09 ,      0.00 ,     21.00 ,  0.1096957E+03 ,  0.0000000E+00 ,  0.0000000E+00
 297 ,          0.00 ,01/01/2024 ,      0.90 ,      0.09 ,      0.75 ,     21.00 ,  0.1096957E+03 ,  0.0000000E+00 ,  0.0000000E+00
 298 ,          0.00 ,01/01/2024 ,      1.26 ,      0.09 ,      1.80 ,     21.00 ,  0.1096957E+03 ,  0.0000000E+00 ,  0.0000000E+00
 299 ,          0.00 ,01/01/2024 ,      1.60 ,      0.09 ,      3.27 ,     21.00 ,  0.1096957E+03 ,  0.0000000E+00 ,  0.0000000E+00
 300 ,          0.00 ,01/01/2024 ,      0.87 ,      0.09 ,      5.00 ,     21.00 ,  0.1096957E+03 ,  0.0000000E+00 ,  0.0000000E+00
 301 ,          0.00 ,01/01/2024 ,      0.38 ,      0.09 ,      0.00 ,     20.00 ,  0.1809980E+03 ,  0.0000000E+00 ,  0.0000000E+00
 302 ,          0.00 ,01/01/2024 ,      0.90 ,      0.09 ,      0.75 ,     20.00 ,  0.1809980E+03 ,  0.0000000E+00 ,  0.0000000E+00
 303 ,          0.00 ,01/01/2024 ,      1.26 ,      0.09 ,      1.80 ,     20.00 ,  0.1809980E+03 ,  0.0000000E+00 ,  0.0000000E+00
 304 ,          0.00 ,01/01/2024 ,      1.60 ,      0.09 ,      3.27 ,     20.00 ,  0.1809980E+03 ,  0.0000000E+00 ,  0.0000000E+00
 305 ,          0.00 ,01/01/2024 ,      0.87 ,      0.09 ,      5.00 ,     20.00 ,  0.1809980E+03 ,  0.0000000E+00 ,  0.0000000E+00
 306 ,          0.00 ,01/01/2024 ,      0.38 ,      0.09 ,      0.00 ,     19.00 ,  0.1933837E+03 ,  0.0000000E+00 ,  0.0000000E+00
 307 ,          0.00 ,01/01/2024 ,      0.90 ,      0.09 ,      0.75 ,     19.00 ,  0.1933837E+03 ,  0.0000000E+00 ,  0.0000000E+00
 308 ,          0.00 ,01/01/2024 ,      1.26 ,      0.09 ,      1.80 ,     19.00 ,  0.1933837E+03 ,  0.0000000E+00 ,  0.0000000E+00
 309 ,          0.00 ,01/01/2024 ,      1.60 ,      0.09 ,      3.27 ,     19.00 ,  0.1933837E+03 ,  0.0000000E+00 ,  0.0000000E+00
 310 ,          0.00 ,01/01/2024 ,      0.87 ,      0.09 ,      5.00 ,     19.00 ,  0.1933837E+03 ,  0.0000000E+00 ,  0.0000000E+00
 311 ,          0.00 ,01/01/2024 ,      0.38 ,      0.09 ,      0.00 ,     18.00 ,  0.1933837E+03 ,  0.0000000E+00 ,  0.0000000E+00
 312 ,          0.00 ,01/01/2024 ,      0.90 ,      0.09 ,      0.75 ,     18.00 ,  0.1933837E+03 ,  0.0000000E+00 ,  0.0000000E+00
 313 ,          0.00 ,01/01/2024 ,      1.26 ,      0.09 ,      1.80 ,     18.00 ,  0.1933837E+03 ,  0.0000000E+00 ,  0.0000000E+00
 314 ,          0.00 ,01/01/2024 ,      1.60 ,      0.09 ,      3.27 ,     18.00 ,  0.1933837E+03 ,  0.0000000E+00 ,  0.0000000E+00
 315 ,          0.00 ,01/01/2024 ,      0.87 ,      0.09 ,      5.00 ,     18.00 ,  0.1933837E+03 ,  0.0000000E+00 ,  0.0000000E+00
 316 ,          0.00 ,01/01/2024 ,      0.38 ,      0.09 ,      0.00 ,     17.00 ,  0.1933837E+03 ,  0.0000000E+00 ,  0.0000000E+00
 317 ,          0.00 ,01/01/2024 ,      0.90 ,      0.09 ,      0.75 ,     17.00 ,  0.1933837E+03 ,  0.0000000E+00 ,  0.0000000E+00
 318 ,          0.00 ,01/01/2024 ,      1.26 ,      0.09 ,      1.80 ,     17.00 ,  0.1933837E+03 ,  0.0000000E+00 ,  0.0000000E+00
 319 ,          0.00 ,01/01/2024 ,      1.60 ,      0.09 ,      3.27 ,     17.00 ,  0.1933837E+03 ,  0.0000000E+00 ,  0.0000000E+00
 320 ,          0.00 ,01/01/2024 ,      0.87 ,      0.09 ,      5.00 ,     17.00 ,  0.1933837E+03 ,  0.0000000E+00 ,  0.0000000E+00
 321 ,          0.00 ,01/01/2024 ,      0.38 ,      0.09 ,      0.00 ,     16.00 ,  0.1933837E+03 ,  0.0000000E+00 ,  0.0000000E+00
 322 ,          0.00 ,01/01/2024 ,      0.90 ,      0.09 ,      0.75 ,     16.00 ,  0.1933837E+03 ,  0.0000000E+00 ,  0.0000000E+00
 323 ,          0.00 ,01/01/2024 ,      1.26 ,      0.09 ,      1.80 ,     16.00 ,  0.1933837E+03 ,  0.0000000E+00 ,  0.0000000E+00
 324 ,          0.00 ,01/01/2024 ,      1.60 ,      0.09 ,      3.27 ,     16.00 ,  0.1933837E+03 ,  0.0000000E+00 ,  0.0000000E+00
 325 ,          0.00 ,01/01/2024 ,      0.87 ,      0.09 ,      5.00 ,     16.00 ,  0.1933837E+03 ,  0.0000000E+00 ,  0.0000000E+00
 326 ,          0.00 ,01/01/2024 ,      0.38 ,      0.09 ,      0.00 ,     15.00 ,  0.1933837E+03 ,  0.0000000E+00 ,  0.0000000E+00
 327 ,          0.00 ,01/01/2024 ,      0.90 ,      0.09 ,      0.75 ,     15.00 ,  0.1933837E+03 ,  0.0000000E+00 ,  0.0000000E+00
 328 ,          0.00 ,01/01/2024 ,      1.26 ,      0.09 ,      1.80 ,     15.00 ,  0.1933837E+03 ,  0.0000000E+00 ,  0.0000000E+00
 329 ,          0.00 ,01/01/2024 ,      1.60 ,      0.09 ,      3.27 ,     15.00 ,  0.1933837E+03 ,  0.0000000E+00 ,  0.0000000E+00
 330 ,          0.00 ,01/01/2024 ,      0.87 ,      0.09 ,      5.00 ,     15.00 ,  0.1933837E+03 ,  0.0000000E+00 ,  0.0000000E+00
 331 ,          0.00 ,01/01/2024 ,      0.38 ,      0.09 ,      0.00 ,     14.00 ,  0.1933837E+03 ,  0.0000000E+00 ,  0.0000000E+00
 332 ,          0.00 ,01/01/2024 ,      0.90 ,      0.09 ,      0.75 ,     14.00 ,  0.1933837E+03 ,  0.0000000E+00 ,  0.0000000E+00
 333 ,          0.00 ,01/01/2024 ,      1.26 ,      0.09 ,      1.80 ,     14.00 ,  0.1933837E+03 ,  0.0000000E+00 ,  0.0000000E+00
 334 ,          0.00 ,01/01/2024 ,      1.60 ,      0.09 ,      3.27 ,     14.00 ,  0.1933837E+03 ,  0.0000000E+00 ,  0.0000000E+00
 335 ,          0.00 ,01/01/2024 ,      0.87 ,      0.09 ,      5.00 ,     14.00 ,  0.1933837E+03 ,  0.0000000E+00 ,  0.0000000E+00
 336 ,          0.00 ,01/01/2024 ,      0.38 ,      0.09 ,      0.00 ,     13.00 ,  0.1933837E+03 ,  0.0000000E+00 ,  0.0000000E+00
 337 ,          0.00 ,01/01/2024 ,      0.90 ,      0.09 ,      0.75 ,     13.00 ,  0.1933837E+03 ,  0.0000000E+00 ,  0.0000000E+00
 338 ,          0.00 ,01/01/2024 ,      1.26 ,      0.09 ,      1.80 ,     13.00 ,  0.1933837E+03 ,  0.0000000E+00 ,  0.0000000E+00
 339 ,          0.00 ,01/01/2024 ,      1.60 ,      0.09 ,      3.27 ,     13.00 ,  0.1933837E+03 ,  0.0000000E+00 ,  0.0000000E+00
 340 ,          0.00 ,01/01/2024 ,      0.87 ,      0.09 ,      5.00 ,     13.00 ,  0.1933837E+03 ,  0.0000000E+00 ,  0.0000000E+00
 341 ,          0.00 ,01/01/2024 ,      0.38 ,      0.09 ,      0.00 ,     12.00 ,  0.1933837E+03 ,  0.0000000E+00 ,  0.0000000E+00
 342 ,          0.00 ,01/01/2024 ,      0.90 ,      0.09 ,      0.75 ,     12.00 ,  0.1933837E+03 ,  0.0000000E+00 ,  0.0000000E+00
 343 ,          0.00 ,01/01/2024 ,      1.26 ,      0.09 ,      1.80 ,     12.00 ,  0.1933837E+03 ,  0.0000000E+00 ,  0.0000000E+00
 344 ,          0.00 ,01/01/2024 ,      1.60 ,      0.09 ,      3.27 ,     12.00 ,  0.1933837E+03 ,  0.0000000E+00 ,  0.0000000E+00
 345 ,          0.00 ,01/01/2024 ,      0.87 ,      0.09 ,      5.00 ,     12.00 ,  0.1933837E+03 ,  0.0000000E+00 ,  0.0000000E+00
 346 ,          0.00 ,01/01/2024 ,      0.38 ,      0.09 ,      0.00 ,     11.00 ,  0.1933837E+03 ,  0.0000000E+00 ,  0.0000000E+00
 347 ,          0.00 ,01/01/2024 ,      0.90 ,      0.09 ,      0.75 ,     11.00 ,  0.1933837E+03 ,  0.0000000E+00 ,  0.0000000E+00
 348 ,          0.00 ,01/01/2024 ,      1.26 ,      0.09 ,      1.80 ,     11.00 ,  0.1933837E+03 ,  0.0000000E+00 ,  0.0000000E+00
 349 ,          0.00 ,01/01/2024 ,      1.60 ,      0.09 ,      3.27 ,     11.00 ,  0.1933837E+03 ,  0.0000000E+00 ,  0.0000000E+00
 350 ,          0.00 ,01/01/2024 ,      0.87 ,      0.09 ,      5.00 ,     11.00 ,  0.1933837E+03 ,  0.0000000E+00 ,  0.0000000E+00
 351 ,          0.00 ,01/01/2024 ,      0.38 ,      0.09 ,      0.00 ,     10.00 ,  0.1875236E+03 ,  0.0000000E+00 ,  0.0000000E+00
 352 ,          0.00 ,01/01/2024 ,      0.90 ,      0.09 ,      0.75 ,     10.00 ,  0.1875236E+03 ,  0.0000000E+00 ,  0.0000000E+00
 353 ,          0.00 ,01/01/2024 ,      1.26 ,      0.09 ,      1.80 ,     10.00 ,  0.1875236E+03 ,  0.0000000E+00 ,  0.0000000E+00
 354 ,          0.00 ,01/01/2024 ,      1.60 ,      0.09 ,      3.27 ,     10.00 ,  0.1875236E+03 ,  0.0000000E+00 ,  0.0000000E+00
 355 ,          0.00 ,01/01/2024 ,      0.87 ,      0.09 ,      5.00 ,     10.00 ,  0.1875236E+03 ,  0.0000000E+00 ,  0.0000000E+00
 356 ,          0.00 ,01/01/2024 ,      0.38 ,      0.09 ,      0.00 ,      9.00 ,  0.1875236E+03 ,  0.0000000E+00 ,  0.0000000E+00
 357 ,          0.00 ,01/01/2024 ,      0.90 ,      0.09 ,      0.75 ,      9.00 ,  0.1875236E+03 ,  0.0000000E+00 ,  0.0000000E+00
 358 ,          0.00 ,01/01/2024 ,      1.26 ,      0.09 ,      1.80 ,      9.00 ,  0.1875236E+03 ,  0.0000000E+00 ,  0.0000000E+00
 359 ,          0.00 ,01/01/2024 ,      1.60 ,      0.09 ,      3.27 ,      9.00 ,  0.1875236E+03 ,  0.0000000E+00 ,  0.0000000E+00
 360 ,          0.00 ,01/01/2024 ,      0.87 ,      0.09 ,      5.00 ,      9.00 ,  0.1875236E+03 ,  0.0000000E+00 ,  0.0000000E+00
 361 ,          0.00 ,01/01/2024 ,      0.38 ,      0.09 ,      0.00 ,      8.00 ,  0.1875236E+03 ,  0.0000000E+00 ,  0.0000000E+00
 362 ,          0.00 ,01/01/2024 ,      0.90 ,      0.09 ,      0.75 ,      8.00 ,  0.1875236E+03 ,  0.0000000E+00 ,  0.0000000E+00
 363 ,          0.00 ,01/01/2024 ,      1.26 ,      0.09 ,      1.80 ,      8.00 ,  0.1875236E+03 ,  0.0000000E+00 ,  0.0000000E+00
 364 ,          0.00 ,01/01/2024 ,      1.60 ,      0.09 ,      3.27 ,      8.00 ,  0.1875236E+03 ,  0.0000000E+00 ,  0.0000000E+00
 365 ,          0.00 ,01/01/2024 ,      0.87 ,      0.09 ,      5.00 ,      8.00 ,  0.1875236E+03 ,  0.0000000E+00 ,  0.0000000E+00
 366 ,          0.00 ,01/01/2024 ,      0.38 ,      0.09 ,      0.00 ,      7.00 ,  0.1875236E+03 ,  0.0000000E+00 ,  0.0000000E+00
 367 ,          0.00 ,01/01/2024 ,      0.90 ,      0.09 ,      0.75 ,      7.00 ,  0.1875236E+03 ,  0.0000000E+00 ,  0.0000000E+00
 368 ,          0.00 ,01/01/2024 ,      1.26 ,      0.09 ,      1.80 ,      7.00 ,  0.1875236E+03 ,  0.0000000E+00 ,  0.0000000E+00
 369 ,          0.00 ,01/01/2024 ,      1.60 ,      0.09 ,      3.27 ,      7.00 ,  0.1875236E+03 ,  0.0000000E+00 ,  0.0000000E+00
 370 ,          0.00 ,01/01/2024 ,      0.87 ,      0.09 ,      5.00 ,      7.00 ,  0.1875236E+03 ,  0.0000000E+00 ,  0.0000000E+00
 371 ,          0.00 ,01/01/2024 ,      0.38 ,      0.09 ,      0.00 ,      6.00 ,  0.1875236E+03 ,  0.0000000E+00 ,  0.0000000E+00
 372 ,          0.00 ,01/01/2024 ,      0.90 ,      0.09 ,      0.75 ,      6.00 ,  0.1875236E+03 ,  0.0000000E+00 ,  0.0000000E+00
 373 ,          0.00 ,01/01/2024 ,      1.26 ,      0.09 ,      1.80 ,      6.00 ,  0.1875236E+03 ,  0.0000000E+00 ,  0.0000000E+00
 374 ,          0.00 ,01/01/2024 ,      1.60 ,      0.09 ,      3.27 ,      6.00 ,  0.1875236E+03 ,  0.0000000E+00 ,  0.0000000E+00
 375 ,          0.00 ,01/01/2024 ,      0.87 ,      0.09 ,      5.00 ,      6.00 ,  0.1875236E+03 ,  0.0000000E+00 ,  0.0000000E+00
 376 ,          0.00 ,01/01/2024 ,      0.38 ,      0.09 ,      0.00 ,      5.00 ,  0.1875236E+03 ,  0.0000000E+00 ,  0.0000000E+00
 377 ,          0.00 ,01/01/2024 ,      0.90 ,      0.09 ,      0.75 ,      5.00 ,  0.1875236E+03 ,  0.0000000E+00 ,  0.0000000E+00
 378 ,          0.00 ,01/01/2024 ,      1.26 ,      0.09 ,      1.80 ,      5.00 ,  0.1875236E+03 ,  0.0000000E+00 ,  0.0000000E+00
 379 ,          0.00 ,01/01/2024 ,      1.60 ,      0.09 ,      3.27 ,      5.00 ,  0.1875236E+03 ,  0.0000000E+00 ,  0.0000000E+00
 380 ,          0.00 ,01/01/2024 ,      0.87 ,      0.09 ,      5.00 ,      5.00 ,  0.1875236E+03 ,  0.0000000E+00 ,  0.0000000E+00
 381 ,          0.00 ,01/01/2024 ,      0.38 ,      0.09 ,      0.00 ,      4.00 ,  0.1875236E+03 ,  0.0000000E+00 ,  0.0000000E+00
 382 ,          0.00 ,01/01/2024 ,      0.90 ,      0.09 ,      0.75 ,      4.00 ,  0.1875236E+03 ,  0.0000000E+00 ,  0.0000000E+00
 383 ,          0.00 ,01/01/2024 ,      1.26 ,      0.09 ,      1.80 ,      4.00 ,  0.1875236E+03 ,  0.0000000E+00 ,  0.0000000E+00
 384 ,          0.00 ,01/01/2024 ,      1.60 ,      0.09 ,      3.27 ,      4.00 ,  0.1875236E+03 ,  0.0000000E+00 ,  0.0000000E+00
 385 ,          0.00 ,01/01/2024 ,      0.87 ,      0.09 ,      5.00 ,      4.00 ,  0.1875236E+03 ,  0.0000000E+00 ,  0.0000000E+00
 386 ,          0.00 ,01/01/2024 ,      0.38 ,      0.09 ,      0.00 ,      3.00 ,  0.1875236E+03 ,  0.0000000E+00 ,  0.0000000E+00
 387 ,          0.00 ,01/01/2024 ,      0.90 ,      0.09 ,      0.75 ,      3.00 ,  0.1875236E+03 ,  0.0000000E+00 ,  0.0000000E+00
 388 ,          0.00 ,01/01/2024 ,      1.26 ,      0.09 ,      1.80 ,      3.00 ,  0.1875236E+03 ,  0.0000000E+00 ,  0.0000000E+00
 389 ,          0.00 ,01/01/2024 ,      1.60 ,      0.09 ,      3.27 ,      3.00 ,  0.1875236E+03 ,  0.0000000E+00 ,  0.0000000E+00
 390 ,          0.00 ,01/01/2024 ,      0.87 ,      0.09 ,      5.00 ,      3.00 ,  0.1875236E+03 ,  0.0000000E+00 ,  0.0000000E+00
 391 ,          0.00 ,01/01/2024 ,      0.38 ,      0.09 ,      0.00 ,      2.00 ,  0.1875236E+03 ,  0.0000000E+00 ,  0.0000000E+00
 392 ,          0.00 ,01/01/2024 ,      0.90 ,      0.09 ,      0.75 ,      2.00 ,  0.1875236E+03 ,  0.0000000E+00 ,  0.0000000E+00
 393 ,          0.00 ,01/01/2024 ,      1.26 ,      0.09 ,      1.80 ,      2.00 ,  0.1875236E+03 ,  0.0000000E+00 ,  0.0000000E+00
 394 ,          0.00 ,01/01/2024 ,      1.60 ,      0.09 ,      3.27 ,      2.00 ,  0.1875236E+03 ,  0.0000000E+00 ,  0.0000000E+00
 395 ,          0.00 ,01/01/2024 ,      0.87 ,      0.09 ,      5.00 ,      2.00 ,  0.1875236E+03 ,  0.0000000E+00 ,  0.0000000E+00
 396 ,          0.00 ,01/01/2024 ,      0.19 ,      0.09 ,      0.00 ,      1.00 ,  0.1875236E+03 ,  0.0000000E+00 ,  0.0000000E+00
 397 ,          0.00 ,01/01/2024 ,      0.45 ,      0.09 ,      0.75 ,      1.00 ,  0.1875236E+03 ,  0.0000000E+00 ,  0.0000000E+00
 398 ,          0.00 ,01/01/2024 ,      0.63 ,      0.09 ,      1.80 ,      1.00 ,  0.1875236E+03 ,  0.0000000E+00 ,  0.0000000E+00
 399 ,          0.00 ,01/01/2024 ,      0.80 ,      0.09 ,      3.27 ,      1.00 ,  0.1875236E+03 ,  0.0000000E+00 ,  0.0000000E+00
 400 ,          0.00 ,01/01/2024 ,      0.43 ,      0.09 ,      5.00 ,      1.00 ,  0.1875236E+03 ,  0.0000000E+00 ,  0.0000000E+00
